0.5860 0.4091 广州东站 0
0.6314 0.4751 体育中心 1
0.5860 0.4969 体育西路 2
0.5397 0.4969 杨箕 3
0.4897 0.4969 东山口 4
0.4463 0.4963 烈士陵园 5
0.4171 0.4966 农讲所 6
0.3851 0.4974 公园前 7
0.3411 0.4968 西门口 8
0.3020 0.4966 陈家祠 9
0.2649 0.5131 长寿路 10
0.2651 0.5357 黄沙 11
0.2646 0.5574 芳村 12
0.2643 0.5774 花地湾 13
0.2649 0.5966 坑口 14
0.2643 0.6191 西i 15

0.5245 0.2409 嘉禾望岗 16
0.5000 0.2664 黄边 17
0.4827 0.2841 江夏 18
0.4659 0.3018 萧岗 19
0.4468 0.3195 白云文化中心 20
0.4277 0.3386 白云公园 21
0.4064 0.3605 飞翔公园 22
0.3850 0.4018 三元里 23
0.3850 0.4355 广州火车站 24
0.3845 0.4568 海珠公园 25
0.3850 0.4745 纪念堂 26
0.3850 0.5364 海珠广场 27
0.3850 0.5668 市二宫 28
0.3859 0.5886 江南西 29
0.3855 0.6182 昌岗 30
0.3927 0.6432 江泰路 31
0.4118 0.6618 东晓南 32
0.4309 0.6859 南洲 33
0.4309 0.7014 洛溪 34
0.4305 0.7150 南浦 35
0.4168 0.7332 会江 36
0.3918 0.7632 石壁 37
0.3705 0.7836 广州南站 38

0.4133 0.4452 小北 39
0.4462 0.4552 淘金 40
0.4896 0.4568 欧庄 41
0.5212 0.4556 动物园 42
